{
    "playerPosition": {
        "x": 150.0365447998047,
        "y": 2.6906633377075197,
        "z": 158.5926055908203
    },
    "playerRotation": {
        "x": 0.0,
        "y": 0.7757949233055115,
        "z": 0.0,
        "w": 0.6309852004051209
    },
    "currentHealth": 9940.0,
    "maxHealth": 100.0,
    "currentStamina": 95.8672866821289,
    "musicType": 2,
    "checkPoint": {
        "x": 0.0,
        "y": 0.0,
        "z": 0.0
    }
}