{
    "playerPosition": {
        "x": -0.009246847592294217,
        "y": 0.8757699728012085,
        "z": -0.02434353530406952
    },
    "playerRotation": {
        "x": 0.0,
        "y": 0.7208535075187683,
        "z": 0.0,
        "w": 0.6930874586105347
    },
    "currentHealth": 100.0,
    "maxHealth": 100.0,
    "currentStamina": 100.0,
    "musicType": 2,
    "checkPoint": {
        "x": 0.0,
        "y": 0.0,
        "z": 0.0
    }
}