{
    "playerPosition": {
        "x": 178.8763885498047,
        "y": 3.3482117652893068,
        "z": 159.06027221679688
    },
    "playerRotation": {
        "x": -1.4732669251227294e-10,
        "y": 0.9080125689506531,
        "z": 2.0820782598018895e-10,
        "w": 0.4189428985118866
    },
    "currentHealth": 30.0,
    "maxHealth": 100.0,
    "currentStamina": 100.0,
    "musicType": 0,
    "checkPoint": {
        "x": 0.0,
        "y": 0.0,
        "z": 0.0
    }
}