{
    "playerPosition": {
        "x": 1.0154539346694947,
        "y": 0.010000050067901612,
        "z": 111.35470581054688
    },
    "playerRotation": {
        "x": -3.776143286948752e-11,
        "y": -0.35917404294013979,
        "z": -2.0505111497648444e-11,
        "w": 0.9332705736160278
    },
    "currentHealth": 30.0,
    "maxHealth": 100.0,
    "currentStamina": 100.0,
    "musicType": 1,
    "checkPoint": {
        "x": 0.0,
        "y": 0.0,
        "z": 0.0
    }
}