{
    "playerPosition": {
        "x": -1.5415726900100709,
        "y": 0.8762876391410828,
        "z": 3.231705665588379
    },
    "playerRotation": {
        "x": -7.105427357601002e-15,
        "y": -0.24647462368011475,
        "z": -1.4210854715202005e-14,
        "w": -0.9691492915153503
    },
    "currentHealth": 100.0,
    "maxHealth": 100.0,
    "currentStamina": 100.0,
    "musicType": 2,
    "checkPoint": {
        "x": 0.0,
        "y": 0.0,
        "z": 0.0
    }
}