{
    "playerPosition": {
        "x": 144.398681640625,
        "y": 2.700279712677002,
        "z": 157.15933227539063
    },
    "playerRotation": {
        "x": 2.2707656588405457e-10,
        "y": 0.9861508011817932,
        "z": -1.3386698416439913e-9,
        "w": 0.1658511608839035
    },
    "currentHealth": -10.0,
    "maxHealth": 100.0,
    "currentStamina": 100.0,
    "musicType": 2,
    "checkPoint": {
        "x": 0.0,
        "y": 0.0,
        "z": 0.0
    }
}