{
    "playerPosition": {
        "x": -0.4655125141143799,
        "y": 0.00999981164932251,
        "z": 105.61453247070313
    },
    "playerRotation": {
        "x": -1.411861109193542e-31,
        "y": 0.014500224962830544,
        "z": 4.733631115168093e-31,
        "w": 0.999894917011261
    },
    "currentHealth": 90.0,
    "maxHealth": 100.0,
    "currentStamina": 100.0,
    "musicType": 1,
    "checkPoint": {
        "x": 0.0,
        "y": 0.0,
        "z": 105.21600341796875
    }
}