{
    "playerPosition": {
        "x": 142.7065887451172,
        "y": 2.6906635761260988,
        "z": 160.71939086914063
    },
    "playerRotation": {
        "x": -2.01607566741592e-32,
        "y": 0.7527015209197998,
        "z": 1.283014027292919e-32,
        "w": -0.6583619117736816
    },
    "currentHealth": 30.0,
    "maxHealth": 100.0,
    "currentStamina": 100.0,
    "musicType": 2,
    "checkPoint": {
        "x": 0.0,
        "y": 0.0,
        "z": 0.0
    }
}