{
    "playerPosition": {
        "x": 4.878769874572754,
        "y": 0.00999981164932251,
        "z": 105.31135559082031
    },
    "playerRotation": {
        "x": -3.79434430210128e-27,
        "y": 0.8913445472717285,
        "z": -4.013073706629294e-27,
        "w": 0.453326553106308
    },
    "currentHealth": 30.0,
    "maxHealth": 100.0,
    "currentStamina": 100.0,
    "musicType": 1,
    "checkPoint": {
        "x": 0.0,
        "y": 0.0,
        "z": 105.21600341796875
    }
}