{
    "playerPosition": {
        "x": 148.439208984375,
        "y": 2.6906633377075197,
        "z": 159.33013916015626
    },
    "playerRotation": {
        "x": 0.0,
        "y": 0.3578818440437317,
        "z": 0.0,
        "w": 0.9337669014930725
    },
    "currentHealth": 163.0,
    "maxHealth": 190.0,
    "currentStamina": 100.0,
    "musicType": 2,
    "checkPoint": {
        "x": 0.0,
        "y": 0.0,
        "z": 0.0
    }
}