{
    "playerPosition": {
        "x": -0.06699883192777634,
        "y": 0.009999871253967286,
        "z": 107.41456604003906
    },
    "playerRotation": {
        "x": 0.0,
        "y": -0.22137103974819184,
        "z": 0.0,
        "w": 0.9751896858215332
    },
    "currentHealth": 30.0,
    "maxHealth": 100.0,
    "currentStamina": 100.0,
    "musicType": 1,
    "checkPoint": {
        "x": 0.0,
        "y": 0.0,
        "z": 105.21600341796875
    }
}