{
    "playerPosition": {
        "x": -0.015796734020113946,
        "y": 0.8752219080924988,
        "z": -0.04158696532249451
    },
    "playerRotation": {
        "x": 0.0,
        "y": 0.6500082015991211,
        "z": 0.0,
        "w": 0.7599272131919861
    },
    "currentHealth": 100.0,
    "maxHealth": 100.0,
    "currentStamina": 100.0,
    "musicType": 2,
    "checkPoint": {
        "x": 0.0,
        "y": 0.0,
        "z": 0.0
    }
}