{
    "playerPosition": {
        "x": 29.696155548095704,
        "y": 0.014334917068481446,
        "z": 103.0326156616211
    },
    "playerRotation": {
        "x": -1.663475607260878e-11,
        "y": -0.8292085528373718,
        "z": -2.972823029412375e-11,
        "w": 0.5589393973350525
    },
    "currentHealth": 90.0,
    "maxHealth": 100.0,
    "currentStamina": 100.0,
    "musicType": 1,
    "checkPoint": {
        "x": 16.181896209716798,
        "y": 0.0,
        "z": 114.02664184570313
    }
}