{
    "playerPosition": {
        "x": 143.0906219482422,
        "y": 2.6906628608703615,
        "z": 157.49696350097657
    },
    "playerRotation": {
        "x": 0.0,
        "y": -0.06158304959535599,
        "z": 0.0,
        "w": -0.9981020092964172
    },
    "currentHealth": 25.0,
    "maxHealth": 100.0,
    "currentStamina": 32.125244140625,
    "musicType": 2,
    "checkPoint": {
        "x": 0.0,
        "y": 0.0,
        "z": 0.0
    }
}