{
    "playerPosition": {
        "x": 1.7083150148391724,
        "y": 0.7477179169654846,
        "z": 86.57853698730469
    },
    "playerRotation": {
        "x": -2.43237069375013e-10,
        "y": -0.7916817665100098,
        "z": -3.126763015171008e-10,
        "w": 0.6109337210655212
    },
    "currentHealth": 30.0,
    "maxHealth": 100.0,
    "currentStamina": 100.0
}