{
    "playerPosition": {
        "x": 4.953343391418457,
        "y": 0.009999990463256836,
        "z": 108.68199157714844
    },
    "playerRotation": {
        "x": 0.0,
        "y": -0.7043242454528809,
        "z": 0.0,
        "w": -0.7098784446716309
    },
    "currentHealth": 90.0,
    "maxHealth": 100.0,
    "currentStamina": 36.437416076660159,
    "musicType": 1,
    "checkPoint": {
        "x": 0.0,
        "y": 0.0,
        "z": 105.21600341796875
    }
}