{
    "playerPosition": {
        "x": 0.14696374535560609,
        "y": 0.474454402923584,
        "z": 97.09451293945313
    },
    "playerRotation": {
        "x": -3.437728876801391e-17,
        "y": -0.9999749660491943,
        "z": 1.1525876421798765e-16,
        "w": 0.007074728142470121
    },
    "currentHealth": 90.0,
    "maxHealth": 100.0,
    "currentStamina": 100.0,
    "musicType": 0,
    "checkPoint": {
        "x": 0.0,
        "y": 0.0,
        "z": 0.0
    }
}