{
    "playerPosition": {
        "x": -0.051232367753982547,
        "y": 0.42278575897216799,
        "z": 80.13905334472656
    },
    "playerRotation": {
        "x": 0.0,
        "y": 0.0,
        "z": 0.0,
        "w": 1.0
    },
    "currentHealth": 30.0,
    "maxHealth": 100.0,
    "currentStamina": 100.0,
    "musicType": 0,
    "checkPoint": {
        "x": 0.0,
        "y": 0.0,
        "z": 0.0
    }
}