{
    "playerPosition": {
        "x": 141.17494201660157,
        "y": 2.6906633377075197,
        "z": 155.56399536132813
    },
    "playerRotation": {
        "x": 0.0,
        "y": -0.7868484854698181,
        "z": 0.0,
        "w": 0.6171463131904602
    },
    "currentHealth": -4.599090576171875,
    "maxHealth": 190.0,
    "currentStamina": 90.0,
    "musicType": 2,
    "checkPoint": {
        "x": 0.0,
        "y": 0.0,
        "z": 0.0
    }
}