{
    "playerPosition": {
        "x": 39.95406723022461,
        "y": 0.014335095882415772,
        "z": 104.63697814941406
    },
    "playerRotation": {
        "x": 5.191928553749392e-10,
        "y": 0.8283480405807495,
        "z": 7.407960356253795e-10,
        "w": -0.5602138042449951
    },
    "currentHealth": 20.0,
    "maxHealth": 100.0,
    "currentStamina": 74.16386413574219,
    "musicType": 0,
    "checkPoint": {
        "x": 16.181896209716798,
        "y": 0.0,
        "z": 114.02664184570313
    }
}