{
    "playerPosition": {
        "x": -0.00924684852361679,
        "y": 0.8757700324058533,
        "z": -0.02434353530406952
    },
    "playerRotation": {
        "x": 0.0,
        "y": -0.9563954472541809,
        "z": 0.0,
        "w": 0.2920750379562378
    },
    "currentHealth": 100.0,
    "maxHealth": 100.0,
    "currentStamina": 100.0,
    "musicType": 2,
    "checkPoint": {
        "x": 0.0,
        "y": 0.0,
        "z": 0.0
    }
}