{
    "playerPosition": {
        "x": 147.48817443847657,
        "y": 2.700279951095581,
        "z": 160.17286682128907
    },
    "playerRotation": {
        "x": 2.117960092407655e-20,
        "y": -0.25296348333358767,
        "z": 0.0,
        "w": 0.9674758315086365
    },
    "currentHealth": 30.0,
    "maxHealth": 100.0,
    "currentStamina": 100.0,
    "musicType": 2,
    "checkPoint": {
        "x": 0.0,
        "y": 0.0,
        "z": 0.0
    }
}